#Total No. of N-Gram Types: 1247
#Total No. of N-Gram Tokens: 43861
1	1412	1	в
2	1407	1	и
3	1305	1	я
4	1189	1	а
5	1094	1	вот
6	1069	1	ну
7	1037	1	не
8	1010	1	что
9	887	1	то
10	837	1	это
11	718	1	на
12	647	1	да
13	624	1	там
14	609	1	как
15	515	1	у
16	465	1	с
17	421	1	мы
18	414	1	так
19	402	1	ты
20	328	1	очень
21	325	1	есть
22	308	1	но
23	299	1	было
24	292	1	мне
25	283	1	нет
26	272	1	он
27	269	1	все
28	266	1	по
29	253	1	они
30	245	1	меня
31	230	1	когда
32	209	1	она
33	208	1	к
34	207	1	нас
35	197	1	уже
36	196	1	потому
37	191	1	э
38	190	1	просто
39	189	1	из
40	186	1	нрзб
41	180	1	за
42	177	1	бы
43	177	1	вообще
44	176	1	б
45	175	1	знаю
46	168	1	потом
47	165	1	всё
48	152	1	же
49	149	1	была
50	148	1	ещё
51	141	1	или
52	137	1	был
53	134	1	еще
54	128	1	эээ
55	127	1	тоже
56	126	1	такой
57	121	1	мама
58	115	1	о
59	114	1	были
60	114	1	говорящий
61	114	1	сейчас
62	113	1	такая
63	112	1	если
64	111	1	про
65	107	1	смех
66	100	1	типа
67	99	1	даже
68	99	1	его
69	99	1	лиля
70	99	1	раз
71	99	1	ээ
72	98	1	тебе
73	96	1	их
74	93	1	тебя
75	92	1	где
76	91	1	бабушка
77	91	1	значит
78	90	1	какие
79	90	1	нибудь
80	89	1	короче
81	88	1	анна
82	87	1	общем
83	87	1	чтобы
84	85	1	может
85	83	1	до
86	83	1	надо
87	82	1	конечно
88	82	1	три
89	81	1	какой
90	81	1	только
91	80	1	настя
92	79	1	для
93	78	1	такое
94	77	1	м
95	77	1	можно
96	76	1	кто
97	76	1	рома
98	76	1	этот
99	75	1	вы
100	75	1	много
101	73	1	будет
102	73	1	говорят
103	73	1	такие
104	71	1	которые
105	69	1	ребенок
106	68	1	нам
107	68	1	студент
108	68	1	хорошо
109	66	1	костя
110	65	1	больше
111	65	1	быть
112	65	1	от
113	65	1	самом
114	65	1	тут
115	64	1	логопед
116	63	1	помню
117	62	1	поэтому
118	62	1	пять
119	61	1	оля
120	61	1	тогда
121	60	1	деле
122	60	1	маша
123	59	1	ничего
124	59	1	почему
125	59	1	чем
126	58	1	время
127	58	1	лет
128	58	1	этого
129	57	1	брат
130	57	1	два
131	57	1	думаю
132	57	1	угу
133	55	1	полина
134	54	1	наверное
135	54	1	сказать
136	53	1	ваня
137	52	1	катя
138	52	1	этом
139	50	1	алёна
140	50	1	гузель
141	50	1	кстати
142	50	1	ммм
143	50	1	эльза
144	49	1	ладно
145	49	1	люди
146	48	1	здесь
147	47	1	день
148	47	1	елена
149	47	1	минут
150	46	1	никита
151	46	1	саша
152	46	1	эти
153	45	1	получается
154	45	1	т
155	45	1	туда
156	45	1	человек
157	44	1	знаешь
158	44	1	который
159	44	1	него
160	44	1	один
161	44	1	одновременно
162	44	1	прямо
163	44	1	ха
164	43	1	всегда
165	43	1	ни
166	43	1	п
167	43	1	себе
168	43	1	том
169	43	1	этой
170	42	1	во
171	42	1	давай
172	42	1	например
173	42	1	хотя
174	42	1	эту
175	41	1	моему
176	40	1	говорит
177	40	1	которая
178	40	1	нужно
179	40	1	школу
180	39	1	ли
181	39	1	сколько
182	39	1	через
183	38	1	алексей
184	38	1	какая
185	38	1	л
186	38	1	могу
187	38	1	них
188	38	1	ольга
189	38	1	после
190	38	1	со
191	37	1	её
192	37	1	кажется
193	37	1	людей
194	37	1	ой
195	36	1	говорить
196	36	1	двадцать
197	36	1	две
198	35	1	андрей
199	35	1	блин
200	35	1	всего
201	35	1	говорю
202	35	1	делать
203	35	1	хочу
204	35	1	эта
205	34	1	мм
206	33	1	всех
207	33	1	р
208	32	1	ba
209	32	1	mama
210	32	1	года
211	32	1	достаточно
212	32	1	лера
213	32	1	тем
214	32	1	того
215	31	1	ааа
216	31	1	ага
217	31	1	мой
218	31	1	нравится
219	31	1	одна
220	30	1	m
221	30	1	куда
222	30	1	пока
223	30	1	роман
224	29	1	г
225	29	1	голос
226	29	1	жизни
227	29	1	ирина
228	29	1	нормально
229	29	1	расскажи
230	29	1	себя
231	29	1	спасибо
232	29	1	старший
233	29	1	четыре
234	29	1	этим
235	28	1	без
236	28	1	ее
237	28	1	именно
238	28	1	какое
239	28	1	совсем
240	28	1	хотела
241	28	1	чего
242	27	1	аа
243	27	1	буду
244	27	1	дело
245	27	1	ему
246	27	1	им
247	27	1	можешь
248	27	1	понравилось
249	27	1	сама
250	27	1	сделать
251	27	1	слова
252	27	1	соответственно
253	27	1	теперь
254	26	1	булат
255	26	1	вроде
256	26	1	ездили
257	26	1	моя
258	26	1	оно
259	26	1	первый
260	26	1	рассказать
261	26	1	сам
262	26	1	хочешь
263	25	1	h
264	25	1	арина
265	25	1	варвара
266	25	1	вика
267	25	1	господи
268	25	1	детей
269	25	1	каждый
270	25	1	плюс
271	25	1	татьяна
272	24	1	между
273	24	1	обычно
274	24	1	понятно
275	24	1	смысле
276	24	1	таки
277	24	1	чуть
278	23	1	вам
279	23	1	дома
280	23	1	ей
281	23	1	жизнь
282	23	1	иногда
283	23	1	класс
284	23	1	лучше
285	23	1	наверно
286	23	1	опять
287	23	1	под
288	23	1	хочется
289	22	1	всякие
290	22	1	деньги
291	22	1	интересно
292	22	1	люблю
293	22	1	матвей
294	22	1	называется
295	22	1	принципе
296	22	1	сегодня
297	22	1	такого
298	21	1	виктор
299	21	1	вопрос
300	21	1	кому
301	21	1	миша
302	21	1	ней
303	21	1	некоторые
304	21	1	при
305	21	1	прям
306	21	1	таких
307	21	1	те
308	21	1	шесть
309	21	1	школе
310	21	1	язык
311	20	1	галя
312	20	1	дети
313	20	1	дочка
314	20	1	другому
315	20	1	какую
316	20	1	либо
317	20	1	несколько
318	20	1	помнишь
319	20	1	часов
320	19	1	большой
321	19	1	год
322	19	1	дальше
323	19	1	жить
324	19	1	зачем
325	19	1	кого
326	19	1	лариса
327	19	1	место
328	19	1	младший
329	19	1	нельзя
330	19	1	никогда
331	19	1	павел
332	19	1	приехали
333	19	1	равно
334	19	1	своей
335	19	1	свой
336	19	1	слово
337	19	1	чём
338	18	1	долго
339	18	1	дом
340	18	1	думала
341	18	1	е
342	18	1	жили
343	18	1	места
344	18	1	н
345	18	1	нее
346	18	1	немножко
347	18	1	одной
348	18	1	самое
349	18	1	свою
350	18	1	тобой
351	18	1	тот
352	18	1	тридцать
353	18	1	учиться
354	18	1	хотел
355	17	1	более
356	17	1	возможно
357	17	1	времени
358	17	1	второй
359	17	1	говоришь
360	17	1	году
361	17	1	дня
362	17	1	друг
363	17	1	игорь
364	17	1	кадром
365	17	1	начал
366	17	1	никто
367	17	1	работать
368	17	1	русский
369	17	1	сначала
370	17	1	што
371	17	1	эм
372	16	1	будут
373	16	1	вечером
374	16	1	видео
375	16	1	всем
376	16	1	выборы
377	16	1	девять
378	16	1	десять
379	16	1	другой
380	16	1	итоге
381	16	1	каких
382	16	1	моей
383	16	1	москве
384	16	1	перед
385	16	1	получилось
386	16	1	понимаю
387	16	1	пошла
388	16	1	самый
389	16	1	семь
390	16	1	сильно
391	16	1	сразу
392	16	1	тему
393	16	1	фильм
394	16	1	ходили
395	16	1	хоть
396	16	1	чтоб
397	16	1	этих
398	15	1	y
399	15	1	весь
400	15	1	далее
401	15	1	естественно
402	15	1	заниматься
403	15	1	играть
404	15	1	каким
405	15	1	кем
406	15	1	куча
407	15	1	минуты
408	15	1	момент
409	15	1	москвы
410	15	1	наша
411	15	1	ним
412	15	1	особенно
413	15	1	поехали
414	15	1	поняла
415	15	1	поскольку
416	15	1	привет
417	15	1	разных
418	15	1	раньше
419	15	1	родители
420	15	1	сергей
421	15	1	совершенно
422	15	1	стал
423	15	1	стоит
424	15	1	стороны
425	15	1	час
426	15	1	человека
427	15	1	школа
428	15	1	языке
429	14	1	d
430	14	1	вся
431	14	1	говори
432	14	1	денег
433	14	1	должны
434	14	1	домой
435	14	1	другие
436	14	1	ж
437	14	1	зовут
438	14	1	кирилл
439	14	1	метро
440	14	1	наш
441	14	1	неё
442	14	1	одно
443	14	1	окей
444	14	1	олегсергеевич
445	14	1	пор
446	14	1	правда
447	14	1	проблемы
448	14	1	пятнадцать
449	14	1	разные
450	14	1	реально
451	14	1	света
452	14	1	семьи
453	14	1	сказал
454	14	1	сказали
455	14	1	слишком
456	14	1	уж
457	14	1	учитель
458	13	1	алина
459	13	1	большая
460	13	1	говоря
461	13	1	девочка
462	13	1	довольно
463	13	1	других
464	13	1	каком
465	13	1	кешью
466	13	1	классе
467	13	1	концерт
468	13	1	которой
469	13	1	которую
470	13	1	маленький
471	13	1	машина
472	13	1	месте
473	13	1	мои
474	13	1	начала
475	13	1	одну
476	13	1	основном
477	13	1	первой
478	13	1	пожалуйста
479	13	1	понял
480	13	1	россии
481	13	1	семья
482	13	1	сижу
483	13	1	сюда
484	13	1	улице
485	13	1	ходила
486	13	1	честно
487	13	1	юлия
488	13	1	языка
489	12	1	sg
490	12	1	берег
491	12	1	будешь
492	12	1	вас
493	12	1	вдруг
494	12	1	вместе
495	12	1	говорила
496	12	1	давайте
497	12	1	давно
498	12	1	делали
499	12	1	допустим
500	12	1	другую
501	12	1	завтра
502	12	1	интервьюер
503	12	1	купил
504	12	1	любит
505	12	1	могут
506	12	1	море
507	12	1	над
508	12	1	наоборот
509	12	1	поговорить
510	12	1	пойти
511	12	1	постоянно
512	12	1	серьезно
513	12	1	смешно
514	12	1	собой
515	12	1	твои
516	12	1	точно
517	12	1	утра
518	12	1	учились
519	12	1	ходить
520	12	1	часть
521	12	1	читать
522	11	1	inan
523	11	1	бывает
524	11	1	быстро
525	11	1	весело
526	11	1	вещи
527	11	1	взял
528	11	1	всеми
529	11	1	говорил
530	11	1	говорили
531	11	1	город
532	11	1	давали
533	11	1	знала
534	11	1	классно
535	11	1	кроме
536	11	1	круто
537	11	1	летом
538	11	1	машины
539	11	1	минус
540	11	1	мир
541	11	1	многие
542	11	1	надеюсь
543	11	1	назад
544	11	1	отец
545	11	1	писала
546	11	1	понимаешь
547	11	1	пошел
548	11	1	расскажу
549	11	1	рассказчик
550	11	1	решил
551	11	1	своих
552	11	1	семье
553	11	1	сих
554	11	1	сложно
555	11	1	смеётся
556	11	1	смотри
557	11	1	соседка
558	11	1	спать
559	11	1	спокойно
560	11	1	стать
561	11	1	страны
562	11	1	темы
563	11	1	тысячи
564	11	1	утром
565	11	1	училась
566	11	1	холодно
567	11	1	хотели
568	11	1	школы
569	10	1	будто
570	10	1	бывают
571	10	1	взять
572	10	1	вопросы
573	10	1	восемь
574	10	1	восемьдесят
575	10	1	главное
576	10	1	дед
577	10	1	дедушка
578	10	1	дела
579	10	1	детстве
580	10	1	длинные
581	10	1	дней
582	10	1	должен
583	10	1	думаешь
584	10	1	идти
585	10	1	иии
586	10	1	кадра
587	10	1	какими
588	10	1	картинка
589	10	1	кашель
590	10	1	купить
591	10	1	любят
592	10	1	меньше
593	10	1	михаил
594	10	1	найти
595	10	1	начале
596	10	1	начали
597	10	1	наши
598	10	1	наших
599	10	1	недавно
600	10	1	нем
601	10	1	никаких
602	10	1	новый
603	10	1	нуу
604	10	1	обратно
605	10	1	озеро
606	10	1	пол
607	10	1	посмотреть
608	10	1	пошли
609	10	1	прикольно
610	10	1	работу
611	10	1	рассказывала
612	10	1	ребята
613	10	1	рядом
614	10	1	сами
615	10	1	своим
616	10	1	своё
617	10	1	скорее
618	10	1	слушай
619	10	1	собака
620	10	1	специально
621	10	1	стало
622	10	1	таким
623	10	1	ушёл
624	10	1	хотелось
625	9	1	ан
626	9	1	анатолий
627	9	1	ар
628	9	1	будем
629	9	1	ведет
630	9	1	видел
631	9	1	видишь
632	9	1	вкус
633	9	1	города
634	9	1	городе
635	9	1	грустный
636	9	1	двенадцать
637	9	1	двух
638	9	1	другое
639	9	1	едем
640	9	1	женщина
641	9	1	жил
642	9	1	зала
643	9	1	здорово
644	9	1	знает
645	9	1	знаете
646	9	1	идет
647	9	1	институте
648	9	1	интересные
649	9	1	квартире
650	9	1	ко
651	9	1	кошки
652	9	1	леонид
653	9	1	мало
654	9	1	мать
655	9	1	можем
656	9	1	москву
657	9	1	народ
658	9	1	нашей
659	9	1	непонятно
660	9	1	нечего
661	9	1	об
662	9	1	области
663	9	1	отношение
664	9	1	отношения
665	9	1	первых
666	9	1	половиной
667	9	1	примерно
668	9	1	причем
669	9	1	пришлось
670	9	1	прошли
671	9	1	работа
672	9	1	работает
673	9	1	раза
674	9	1	решили
675	9	1	руки
676	9	1	свои
677	9	1	скажем
678	9	1	следующий
679	9	1	смеется
680	9	1	смесь
681	9	1	смотреть
682	9	1	страна
683	9	1	считаю
684	9	1	танцами
685	9	1	твоя
686	9	1	текст
687	9	1	тому
688	9	1	хорошие
689	9	1	хотят
690	9	1	часа
691	9	1	часто
692	9	1	этому
693	8	1	komm
694	8	1	n
695	8	1	ааa
696	8	1	безусловно
697	8	1	белоруссии
698	8	1	брови
699	8	1	вертолет
700	8	1	взяли
701	8	1	видимо
702	8	1	всю
703	8	1	втором
704	8	1	говорящийа
705	8	1	говорящийб
706	8	1	дают
707	8	1	двести
708	8	1	девочки
709	8	1	девяносто
710	8	1	действительно
711	8	1	должна
712	8	1	друга
713	8	1	друзья
714	8	1	ехать
715	8	1	забыл
716	8	1	замечательно
717	8	1	звук
718	8	1	зимой
719	8	1	илья
720	8	1	интересного
721	8	1	интересный
722	8	1	использовать
723	8	1	историю
724	8	1	история
725	8	1	италии
726	8	1	казалось
727	8	1	какого
728	8	1	квартиру
729	8	1	колесико
730	8	1	компании
731	8	1	которое
732	8	1	которых
733	8	1	купила
734	8	1	любишь
735	8	1	любовь
736	8	1	лёва
737	8	1	маленькая
738	8	1	маленькие
739	8	1	мемы
740	8	1	надя
741	8	1	написано
742	8	1	немного
743	8	1	неплохо
744	8	1	никак
745	8	1	никит
746	8	1	нравятся
747	8	1	нужен
748	8	1	образом
749	8	1	одиннадцать
750	8	1	особо
751	8	1	папа
752	8	1	подожди
753	8	1	получил
754	8	1	почти
755	8	1	пришел
756	8	1	пришла
757	8	1	путь
758	8	1	работала
759	8	1	разговор
760	8	1	районе
761	8	1	сделали
762	8	1	ситуация
763	8	1	смотрел
764	8	1	смотрела
765	8	1	смотрю
766	8	1	собственно
767	8	1	сожалению
768	8	1	среди
769	8	1	стала
770	8	1	стали
771	8	1	столько
772	8	1	такую
773	8	1	твой
774	8	1	умер
775	8	1	учится
776	8	1	ушли
777	8	1	хе
778	8	1	хорошая
779	8	1	хороший
780	8	1	чай
781	8	1	эмм
782	8	1	ясно
783	7	1	acc
784	7	1	nom
785	7	1	александра
786	7	1	берут
787	7	1	большое
788	7	1	борис
789	7	1	брали
790	7	1	брать
791	7	1	буквы
792	7	1	вечера
793	7	1	взяла
794	7	1	вышел
795	7	1	говорим
796	7	1	двери
797	7	1	дверь
798	7	1	детство
799	7	1	другом
800	7	1	ездить
801	7	1	ехали
802	7	1	живут
803	7	1	забыла
804	7	1	задание
805	7	1	затем
806	7	1	идут
807	7	1	карл
808	7	1	квартиры
809	7	1	километров
810	7	1	красивый
811	7	1	лагеря
812	7	1	любой
813	7	1	людям
814	7	1	мамой
815	7	1	машине
816	7	1	менее
817	7	1	мной
818	7	1	мог
819	7	1	могла
820	7	1	модель
821	7	1	можете
822	7	1	моих
823	7	1	нами
824	7	1	насколько
825	7	1	началась
826	7	1	начинается
827	7	1	нашем
828	7	1	нашли
829	7	1	недели
830	7	1	нему
831	7	1	ненавижу
832	7	1	ними
833	7	1	ноль
834	7	1	ночь
835	7	1	обязательно
836	7	1	одни
837	7	1	одном
838	7	1	остался
839	7	1	паре
840	7	1	пару
841	7	1	перевести
842	7	1	переехали
843	7	1	плохо
844	7	1	поехал
845	7	1	получится
846	7	1	понравились
847	7	1	попал
848	7	1	последний
849	7	1	практически
850	7	1	приехал
851	7	1	прихожу
852	7	1	пришли
853	7	1	против
854	7	1	прошло
855	7	1	пытаюсь
856	7	1	пятьдесят
857	7	1	рано
858	7	1	решила
859	7	1	родителей
860	7	1	рублей
861	7	1	сделал
862	7	1	секунд
863	7	1	сказала
864	7	1	слов
865	7	1	смешок
866	7	1	супер
867	7	1	та
868	7	1	также
869	7	1	троих
870	7	1	троллейбус
871	7	1	увидел
872	7	1	улица
873	7	1	франции
874	7	1	ходил
875	7	1	ходят
876	7	1	хотим
877	7	1	целый
878	7	1	части
879	7	1	человечек
880	7	1	чему
881	7	1	чисто
882	7	1	шли
883	6	1	a
884	6	1	distinct
885	6	1	onion
886	6	1	part
887	6	1	s
888	6	1	абсолютно
889	6	1	ам
890	6	1	антифриз
891	6	1	бабуля
892	6	1	бабушки
893	6	1	бабушкой
894	6	1	бешбармак
895	6	1	боже
896	6	1	буквально
897	6	1	бутово
898	6	1	верно
899	6	1	вокруг
900	6	1	волосы
901	6	1	всей
902	6	1	выпускной
903	6	1	газета
904	6	1	гончар
905	6	1	готовили
906	6	1	далеко
907	6	1	делаешь
908	6	1	делаю
909	6	1	детьми
910	6	1	доме
911	6	1	друзей
912	6	1	друзьями
913	6	1	думали
914	6	1	единственное
915	6	1	женщины
916	6	1	живёт
917	6	1	жигули
918	6	1	загрузили
919	6	1	закончила
920	6	1	земли
921	6	1	знак
922	6	1	зрения
923	6	1	играли
924	6	1	иду
925	6	1	изначально
926	6	1	институт
927	6	1	иран
928	6	1	ирана
929	6	1	ка
930	6	1	класса
931	6	1	книги
932	6	1	колесо
933	6	1	кормила
934	6	1	которого
935	6	1	котором
936	6	1	красиво
937	6	1	крым
938	6	1	культура
939	6	1	лагере
940	6	1	лагерь
941	6	1	легко
942	6	1	лингвистике
943	6	1	лук
944	6	1	любил
945	6	1	мем
946	6	1	миллионов
947	6	1	минимум
948	6	1	многих
949	6	1	могли
950	6	1	мое
951	6	1	молодец
952	6	1	мужчина
953	6	1	мясо
954	6	1	намного
955	6	1	написала
956	6	1	настолько
957	6	1	наше
958	6	1	невозможно
959	6	1	неделю
960	6	1	немец
961	6	1	никакой
962	6	1	ногой
963	6	1	носили
964	6	1	обед
965	6	1	около
966	6	1	орешки
967	6	1	осталось
968	6	1	парень
969	6	1	плане
970	6	1	поговорим
971	6	1	погрей
972	6	1	полу
973	6	1	польский
974	6	1	понравилась
975	6	1	понравился
976	6	1	появились
977	6	1	придется
978	6	1	причём
979	6	1	происходит
980	6	1	пусть
981	6	1	район
982	6	1	рассказывать
983	6	1	ребят
984	6	1	речь
985	6	1	рождения
986	6	1	русские
987	6	1	самолет
988	6	1	саш
989	6	1	свет
990	6	1	связи
991	6	1	семьдесят
992	6	1	семью
993	6	1	скажи
994	6	1	скажу
995	6	1	слышно
996	6	1	снимали
997	6	1	снова
998	6	1	сообщение
999	6	1	сорок
1000	6	1	спал
1001	6	1	становится
1002	6	1	стране
1003	6	1	страшно
1004	6	1	судить
1005	6	1	сынок
1006	6	1	типо
1007	6	1	той
1008	6	1	точнее
1009	6	1	тысяч
1010	6	1	тяжело
1011	6	1	убирай
1012	6	1	учился
1013	6	1	учителем
1014	6	1	ушел
1015	6	1	х
1016	6	1	хочет
1017	6	1	худи
1018	6	1	чувак
1019	6	1	штук
1020	6	1	шёл
1021	6	1	эх
1022	6	1	является
1023	5	1	num
1024	5	1	автобус
1025	5	1	автобусе
1026	5	1	английский
1027	5	1	арахис
1028	5	1	бабушку
1029	5	1	берет
1030	5	1	билет
1031	5	1	ближе
1032	5	1	большие
1033	5	1	большую
1034	5	1	будущем
1035	5	1	вариант
1036	5	1	вау
1037	5	1	вещей
1038	5	1	вид
1039	5	1	видела
1040	5	1	видно
1041	5	1	виду
1042	5	1	вложил
1043	5	1	восьми
1044	5	1	вполне
1045	5	1	второго
1046	5	1	второе
1047	5	1	выиграл
1048	5	1	вырезать
1049	5	1	выставках
1050	5	1	выходные
1051	5	1	гешу
1052	5	1	говорится
1053	5	1	годы
1054	5	1	горбачёв
1055	5	1	гости
1056	5	1	готов
1057	5	1	группа
1058	5	1	грустно
1059	5	1	грязь
1060	5	1	гэкаю
1061	5	1	двадцати
1062	5	1	делают
1063	5	1	держать
1064	5	1	детали
1065	5	1	доехали
1066	5	1	долг
1067	5	1	должно
1068	5	1	дороже
1069	5	1	другим
1070	5	1	егэ
1071	5	1	ездил
1072	5	1	ездила
1073	5	1	ездит
1074	5	1	жестко
1075	5	1	жесть
1076	5	1	живу
1077	5	1	жила
1078	5	1	з
1079	5	1	запомнила
1080	5	1	зато
1081	5	1	знал
1082	5	1	знать
1083	5	1	играет
1084	5	1	идее
1085	5	1	идешь
1086	5	1	идёт
1087	5	1	ии
1088	5	1	ильямихайлович
1089	5	1	имеет
1090	5	1	имеют
1091	5	1	иначе
1092	5	1	интернете
1093	5	1	искать
1094	5	1	итак
1095	5	1	каждом
1096	5	1	камеру
1097	5	1	каракатицах
1098	5	1	картинки
1099	5	1	квартира
1100	5	1	кили
1101	5	1	килограмм
1102	5	1	классов
1103	5	1	комнате
1104	5	1	конце
1105	5	1	коридоре
1106	5	1	корпус
1107	5	1	корреспондентом
1108	5	1	красивые
1109	5	1	крестик
1110	5	1	крысу
1111	5	1	лекцию
1112	5	1	лилии
1113	5	1	лол
1114	5	1	лука
1115	5	1	лучший
1116	5	1	любимый
1117	5	1	магазин
1118	5	1	маккартни
1119	5	1	мальчик
1120	5	1	маму
1121	5	1	марина
1122	5	1	математический
1123	5	1	машину
1124	5	1	мгм
1125	5	1	меровинги
1126	5	1	месяц
1127	5	1	миндаль
1128	5	1	многим
1129	5	1	мол
1130	5	1	москва
1131	5	1	нагло
1132	5	1	назывался
1133	5	1	най
1134	5	1	находятся
1135	5	1	начинает
1136	5	1	нашего
1137	5	1	недалеко
1138	5	1	ненавидят
1139	5	1	нету
1140	5	1	неудобно
1141	5	1	никуда
1142	5	1	нового
1143	5	1	номер
1144	5	1	нужны
1145	5	1	ого
1146	5	1	одновременнно
1147	5	1	одного
1148	5	1	ок
1149	5	1	осталась
1150	5	1	остальное
1151	5	1	остановиться
1152	5	1	отлично
1153	5	1	очки
1154	5	1	пальто
1155	5	1	парадигма
1156	5	1	первом
1157	5	1	первую
1158	5	1	переехать
1159	5	1	писал
1160	5	1	писать
1161	5	1	платье
1162	5	1	победил
1163	5	1	подписывайтесь
1164	5	1	подумал
1165	5	1	подумала
1166	5	1	поездки
1167	5	1	поехала
1168	5	1	показывает
1169	5	1	покупайте
1170	5	1	полностью
1171	5	1	полтора
1172	5	1	получалось
1173	5	1	посмотрела
1174	5	1	поставить
1175	5	1	построили
1176	5	1	поступил
1177	5	1	пошёл
1178	5	1	преподаватели
1179	5	1	проблема
1180	5	1	проронил
1181	5	1	проходят
1182	5	1	прочее
1183	5	1	пытался
1184	5	1	пью
1185	5	1	пятый
1186	5	1	работе
1187	5	1	различные
1188	5	1	рассказывал
1189	5	1	рассказывали
1190	5	1	рентген
1191	5	1	роль
1192	5	1	русская
1193	5	1	русском
1194	5	1	салют
1195	5	1	самая
1196	5	1	самого
1197	5	1	самые
1198	5	1	свое
1199	5	1	своём
1200	5	1	села
1201	5	1	сестра
1202	5	1	сидела
1203	5	1	сидит
1204	5	1	скайп
1205	5	1	скоро
1206	5	1	слава
1207	5	1	словами
1208	5	1	слышал
1209	5	1	снимаешь
1210	5	1	советского
1211	5	1	согласна
1212	5	1	спросить
1213	5	1	стоят
1214	5	1	стоять
1215	5	1	странно
1216	5	1	суть
1217	5	1	сходить
1218	5	1	счёт
1219	5	1	съела
1220	5	1	таком
1221	5	1	твёрдый
1222	5	1	театр
1223	5	1	тину
1224	5	1	толстовка
1225	5	1	точки
1226	5	1	ту
1227	5	1	увидела
1228	5	1	угодно
1229	5	1	удобно
1230	5	1	умел
1231	5	1	успела
1232	5	1	учителя
1233	5	1	учёба
1234	5	1	факт
1235	5	1	фамилия
1236	5	1	французский
1237	5	1	хихи
1238	5	1	хорватии
1239	5	1	хорошее
1240	5	1	цветы
1241	5	1	целую
1242	5	1	церковь
1243	5	1	читает
1244	5	1	читал
1245	5	1	шестьдесят
1246	5	1	щас
1247	5	1	эд

